0.382353	1.000000	0.472222	0.514706	0.219048	0.285211	0.794444	0.646154	0.913295	0.966887	
0.767442	1.000000	0.755556	0.944444	0.642857	0.281250	0.915493	0.960000	1.000000	1.000000	
1.000000	1.000000	1.000000	1.000000	1.000000	0.333333	1.000000	1.000000	1.000000	1.000000	

0.434783	0.866667	0.923077	0.178571	0.500000	0.167984	0.654412	0.371134	0.893333	0.864286	
0.838710	1.000000	1.000000	0.253968	0.625000	0.353488	0.794872	0.509804	1.000000	0.940298	
0.923077	1.000000	1.000000	0.375000	0.600000	0.489796	0.896552	0.722222	1.000000	0.966667	

0.6194    0.8267    0.9333    0.5854    0.7316    0.7973


0.933333	0.800000	0.933333	0.933333	0.933333	0.400000	1.000000	0.933333	1.000000	1.000000	
0.900000	0.433333	0.933333	0.866667	0.600000	0.366667	1.000000	0.866667	1.000000	1.000000	
0.733333	0.288889	0.733333	0.733333	0.488889	0.333333	0.955556	0.777778	1.000000	1.000000

0.866667	0.800000	0.933333	0.200000	0.600000	0.266667	0.866667	0.733333	1.000000	1.000000	
0.833333	0.433333	0.700000	0.433333	0.433333	0.466667	0.900000	0.666667	1.000000	0.966667	
0.622222	0.288889	0.511111	0.288889	0.377778	0.444444	0.844444	0.533333	1.000000	0.977778

	
	
    0.8867    0.7967    0.7044    0.7267    0.6833    0.5889
